#Stockholm
1={
	position={
		3085.000 1723.000 3086.000 1730.000 3084.500 1729.000 3095.000 1724.500 3082.000 1730.000 3080.000 1736.000 0.000 0.000 
	}
	rotation={
		0.000 0.000 0.087 -0.698 0.000 0.000 0.000 
	}
	height={
		0.000 0.000 1.000 0.000 0.000 0.000 0.000 
	}
}
#Östergötland
2={
	position={
		3067.000 1692.500 3052.000 1700.000 3053.000 1700.000 3067.000 1691.000 3053.000 1700.000 3052.500 1702.000 0.000 0.000 
	}
	rotation={
		-1.134 0.000 0.000 -1.047 0.000 0.000 0.000 
	}
	height={
		0.000 0.000 1.000 0.000 0.000 0.000 0.000 
	}
}
#Kalmar
3={
	position={
		3061.000 1667.000 3054.000 1675.000 3041.000 1669.000 3062.000 1672.000 3041.000 1669.000 3058.000 1676.000 0.000 0.000 
	}
	rotation={
		-1.483 0.000 0.000 -1.658 0.000 0.000 0.000 
	}
	height={
		0.000 0.000 1.000 0.000 0.000 0.000 0.000 
	}
}
#Bergslagen
4={
	position={
		3050.000 1742.000 3051.000 1731.000 3050.000 1742.000 3047.000 1758.000 3050.000 1742.000 3052.000 1732.000 0.000 0.000 
	}
	rotation={
		0.000 0.000 0.000 0.000 0.000 0.000 0.000 
	}
	height={
		0.000 0.000 1.000 0.000 0.000 0.000 0.000 
	}
}
#Värmland
5={
	position={
		3007.000 1714.000 3013.000 1728.000 3017.000 1735.000 3022.000 1740.000 3017.000 1735.000 3013.000 1730.000 0.000 0.000 
	}
	rotation={
		0.000 0.000 0.000 0.000 0.000 0.000 0.000 
	}
	height={
		0.000 0.000 1.000 0.000 0.000 0.000 0.000 
	}
}
#Lund
6={
	position={
		3011.000 1632.500 3014.000 1635.000 3015.500 1637.500 3010.500 1630.500 3025.000 1643.000 3015.000 1635.000 0.000 0.000 
	}
	rotation={
		0.000 0.000 -0.001 0.349 0.000 0.000 0.000 
	}
	height={
		0.000 0.000 1.000 0.000 0.000 0.000 0.000 
	}
}
#Skaraborg
7={
	position={
		3013.000 1698.000 3019.000 1696.000 3018.500 1684.000 2992.000 1678.000 3013.000 1687.000 3022.000 1699.000 0.000 0.000 
	}
	rotation={
		0.000 0.000 0.000 1.309 0.000 0.000 0.000 
	}
	height={
		0.000 0.000 1.000 0.000 0.000 0.000 0.000 
	}
}
#Dalaskogen
8={
	position={
		3044.000 1757.000 3028.000 1758.000 3030.000 1782.000 3035.000 1787.000 3030.000 1782.000 3027.000 1756.000 0.000 0.000 
	}
	rotation={
		0.000 0.000 0.000 0.000 0.000 0.000 0.000 
	}
	height={
		0.000 0.000 1.000 0.000 0.000 0.000 0.000 
	}
}
#Hälsingland
9={
	position={
		3076.500 1786.500 3067.000 1783.000 3070.000 1792.000 3079.500 1787.500 3070.000 1792.000 3072.000 1803.000 0.000 0.000 
	}
	rotation={
		0.000 0.000 0.000 -0.699 0.000 0.000 0.000 
	}
	height={
		0.000 0.000 1.000 0.000 0.000 0.000 0.000 
	}
}
#Jemtland
10={
	position={
		3040.000 1828.000 3033.000 1803.000 3040.000 1828.000 3045.000 1833.000 3040.000 1828.000 3034.000 1803.000 0.000 0.000 
	}
	rotation={
		0.000 0.000 0.000 0.000 0.000 0.000 0.000 
	}
	height={
		0.000 0.000 1.000 0.000 0.000 0.000 0.000 
	}
}
#Västerbotten
11={
	position={
		3137.000 1859.500 3121.000 1858.000 3123.000 1866.000 3140.000 1858.000 3123.000 1866.000 3137.000 1868.000 0.000 0.000 
	}
	rotation={
		0.000 0.000 0.000 -0.785 0.000 0.000 0.000 
	}
	height={
		0.000 0.000 1.000 0.000 0.000 0.000 0.000 
	}
}
#Sjælland
12={
	position={
		2995.500 1628.000 2993.000 1633.000 2992.000 1631.500 2999.000 1628.000 2991.000 1632.000 2991.000 1638.000 0.000 0.000 
	}
	rotation={
		-0.785 0.000 0.524 6.022 0.000 0.000 0.000 
	}
	height={
		0.000 0.000 1.000 0.000 0.000 0.000 0.000 
	}
}
#Schleswig
13={
	position={
		2952.500 1615.500 2951.500 1619.000 2950.000 1619.000 2942.000 1616.000 2950.000 1614.500 2950.000 1622.000 0.000 0.000 
	}
	rotation={
		0.436 0.000 0.000 0.960 0.000 0.000 0.000 
	}
	height={
		0.000 0.000 1.000 0.000 0.000 0.000 0.000 
	}
}
#Fyn
14={
	position={
		2971.000 1625.000 2967.000 1629.500 2967.500 1627.000 2975.000 1629.000 2971.000 1625.000 2967.500 1629.500 0.000 0.000 
	}
	rotation={
		0.000 0.000 0.000 -1.745 0.000 0.000 0.000 
	}
	height={
		0.000 0.000 0.950 0.000 0.000 0.000 0.000 
	}
}
#Vestjylland
15={
	position={
		2942.000 1634.000 2941.000 1638.000 2952.000 1652.000 2934.000 1641.000 2952.000 1652.000 2942.000 1639.000 0.000 0.000 
	}
	rotation={
		-0.087 0.000 0.000 -5.148 0.000 0.000 0.000 
	}
	height={
		0.000 0.000 1.000 0.000 0.000 0.000 0.000 
	}
}
#Båhuslen
16={
	position={
		2985.000 1700.500 2989.000 1698.000 2989.000 1708.000 2981.000 1699.500 2988.000 1707.000 2988.000 1698.000 0.000 0.000 
	}
	rotation={
		0.000 0.000 0.000 1.571 0.000 0.000 0.000 
	}
	height={
		0.000 0.000 1.000 0.000 0.000 0.000 0.000 
	}
}
#Akershus
17={
	position={
		2976.000 1736.000 2966.000 1737.000 2972.000 1744.000 2972.000 1733.000 2972.000 1744.000 2968.000 1738.000 0.000 0.000 
	}
	rotation={
		0.000 0.000 0.000 0.699 0.000 0.000 0.000 
	}
	height={
		0.000 0.000 1.000 0.000 0.000 0.000 0.000 
	}
}
#Lappland
18={
	position={
		3081.000 1859.000 3069.000 1865.000 3119.000 1919.000 3124.000 1924.000 3119.000 1919.000 3082.000 1851.000 0.000 0.000 
	}
	rotation={
		0.000 0.000 0.000 0.000 0.000 0.000 0.000 
	}
	height={
		0.000 0.000 1.000 0.000 0.000 0.000 0.000 
	}
}
#Österbotten
19={
	position={
		3146.000 1807.000 3174.000 1812.000 3205.000 1855.000 3135.000 1800.000 3205.000 1855.000 3173.000 1814.000 0.000 0.000 
	}
	rotation={
		0.000 0.000 0.000 2.182 0.000 0.000 0.000 
	}
	height={
		0.000 0.000 1.000 0.000 0.000 0.000 0.000 
	}
}
#Trøndelag
20={
	position={
		2987.000 1833.000 2982.000 1814.000 2993.000 1835.000 2989.500 1857.000 2993.000 1835.000 2998.000 1834.000 0.000 0.000 
	}
	rotation={
		0.000 0.000 0.000 2.443 0.000 0.000 0.000 
	}
	height={
		0.000 0.000 1.000 0.000 0.000 0.000 0.000 
	}
}
#Hålogaland
21={
	position={
		3054.000 1921.000 3042.000 1901.000 3054.000 1921.000 3017.500 1942.000 3048.000 1921.000 3034.000 1898.000 0.000 0.000 
	}
	rotation={
		0.000 0.000 0.000 2.094 0.000 0.000 0.000 
	}
	height={
		0.000 0.000 1.000 0.000 0.000 0.000 0.000 
	}
}
#Opplanda
22={
	position={
		2986.500 1768.500 2982.000 1774.000 2983.000 1784.000 2988.000 1789.000 2983.000 1784.000 2983.000 1775.000 0.000 0.000 
	}
	rotation={
		0.000 0.000 0.000 0.000 0.000 0.000 0.000 
	}
	height={
		0.000 0.000 1.000 0.000 0.000 0.000 0.000 
	}
}
#Bergenhus
23={
	position={
		2898.000 1751.000 2904.000 1754.000 2900.000 1760.000 2883.000 1742.000 2919.000 1765.000 2906.000 1752.000 0.000 0.000 
	}
	rotation={
		0.000 0.000 -11.781 0.786 0.000 0.000 0.000 
	}
	height={
		0.000 0.000 1.000 0.000 0.000 0.000 0.000 
	}
}
#Stavanger
24={
	position={
		2895.000 1709.000 2904.000 1705.000 2907.000 1706.500 2892.000 1705.000 2936.000 1720.000 2905.000 1707.000 0.000 0.000 
	}
	rotation={
		-0.698 0.000 -5.498 -5.672 0.000 0.000 0.000 
	}
	height={
		0.000 0.000 0.850 0.000 0.000 0.000 0.000 
	}
}
#Gotland
25={
	position={
		3095.500 1684.000 3095.000 1676.500 3095.000 1676.000 3091.000 1682.000 3095.000 1676.000 3095.000 1676.500 0.000 0.000 
	}
	rotation={
		0.611 0.000 0.000 -4.015 0.000 0.000 0.000 
	}
	height={
		0.000 0.000 1.000 0.000 0.000 0.000 0.000 
	}
}
#Halland
